100
42
11
1
2018
99999
39986
88672
40280
75945
99551
11029
13618
11063
84758
12803
10
79554
18103
65231
36414
74300
12101
16512
30859
63241
55887
60695
78323
49309
3
88505
68520
63656
70165
4
10116
814
98887
53963
89513
2
60141
98053
83504
51903
9226
20892
10374
17081
13569
12694
2141
66076
72319
13462
9543
51349
16582
95
33123
82487
8
73759
40036
57292
18564
96872
91352
35683
34734
54395
33264
71571
52188
44315
82150
100000
33038
35980
5829
9919
8148
37838
9
18526
92930
49775
6
29272
76665
7
55133
4010
5977
5
72009
85991
2937
37953
91882
