100
42
11
1
2018
87624
31037
99516
75320
3
69373
88046
4303
21557
92315
66943
98095
65979
17128
46614
64663
49093
59329
68343
68207
64387
54762
31494
73772
6
14806
95609
70574
57687
39905
67873
90403
38019
92720
62257
30650
58225
73771
2
99999
17159
39367
59256
13452
45211
31507
72195
4523
49281
15263
43626
9
12386
4535
11968
87154
34659
87314
47449
51809
81341
15322
77525
100000
60118
873
65515
82376
96329
38762
8
28843
71440
30274
10740
7
4
77558
5
93735
59863
65873
81646
46490
30559
3964
10
25265
457
46351
88965
95
17674
1277
93634
97179
