100
42
11
1
2018
4429
14407
73399
51452
93102
53543
8
69053
70106
42443
33620
49728
36656
7
23419
90983
34536
39884
56904
95
6736
36386
20967
23270
38209
55520
44073
91724
89387
30026
93171
23860
60771
32338
72251
10382
24021
85613
36751
87692
27392
65259
9
10
6173
6034
76465
38640
6200
60862
49363
90132
24489
25687
98121
6
45567
29161
38206
4
67455
56599
88281
3
53770
42354
12477
14134
85330
87172
5
2
67663
11191
50220
82981
11841
78463
87782
28439
30135
90841
6348
15865
100000
71719
40720
33775
57767
73840
30585
22659
99999
72810
90260
55364
