100
42
11
1
2018
94268
94307
75756
46473
68580
50670
10153
4227
24155
28852
88605
36788
87708
38346
6101
6
5
1232
90269
55462
63900
20577
44759
2
30879
44939
99897
54784
27746
13205
91711
28742
96408
40783
100000
36444
7035
79525
99305
20047
21519
80396
64917
95
308
92695
18385
30470
65774
15403
90019
67756
99999
7292
52934
96874
95275
3
41134
2110
93918
9
81634
7
4
4453
17064
85356
55188
2197
71176
8
69358
87522
17853
48235
66622
68178
50874
4924
22795
10
53978
35858
61186
21447
70707
47536
66552
20898
10927
4443
88755
63228
64382
60120
